IoU: 0.04750489411666487
Precision: 0.04878401710660756
Recall: 0.5161293223297376
F1 Score: 0.08827953753296022
Specificity: 0.9312501688692277
